 0.00000000e+00 5.04446447e+00 0.00000000e+00 4.93480220e+00
 1.15741875e-01 5.00786327e+00 1.13105804e-01 4.88336241e+00
 2.29806044e-01 4.89883501e+00 2.23853605e-01 4.73011543e+00
 3.40550314e-01 4.71968573e+00 3.29934560e-01 4.47825614e+00
 4.46402601e-01 4.47419279e+00 4.29137116e-01 4.13303522e+00
 5.45893724e-01 4.16750765e+00 5.19393124e-01 3.70164976e+00
 6.37687552e-01 3.80602376e+00 5.98820948e-01 3.19309318e+00
 7.20607750e-01 3.39721300e+00 6.65764694e-01 2.61796776e+00
 7.93660432e-01 2.94943550e+00 7.18828736e-01 1.98826357e+00
 8.56052203e-01 2.47172788e+00 7.56906807e-01 1.31710852e+00
 9.07203122e-01 1.97357613e+00 7.79205064e-01 6.18494717e-01
 9.46754331e-01 1.46467908e+00 7.85258639e-01 -9.30133218e-02
 9.74570203e-01 9.54709336e-01 7.74941328e-01 -8.02582241e-01
 9.90735013e-01 4.53077977e-01 7.48468225e-01 -1.49541912e+00
 9.95544318e-01 -3.12903529e-02 7.06391233e-01 -2.15707985e+00
 9.89491327e-01 -4.90165992e-01 6.49587564e-01 -2.77377029e+00
 9.73248729e-01 -9.16200805e-01 5.79241448e-01 -3.33263383e+00
 9.47646523e-01 -1.30308783e+00 4.96819443e-01 -3.82201941e+00
 9.13646531e-01 -1.64568992e+00 4.04039865e-01 -4.23172443e+00
 8.72314336e-01 -1.94013417e+00 3.02836959e-01 -4.55320747e+00
 8.24789468e-01 -2.18387000e+00 1.95320581e-01 -4.77976631e+00
 7.72254679e-01 -2.37568974e+00 8.37322048e-02 -4.90667773e+00
 7.15905182e-01 -2.51571174e+00 -2.96018002e-02 -4.93129589e+00
 6.56918695e-01 -2.60532700e+00 -1.42318674e-01 -4.85310756e+00
 5.96427115e-01 -2.64711157e+00 -2.52068522e-01 -4.67374280e+00
 5.35490577e-01 -2.64470764e+00 -3.56563305e-01 -4.39694096e+00
 4.75074558e-01 -2.60267745e+00 -4.53624540e-01 -4.02847273e+00
 4.16030622e-01 -2.52633464e+00 -5.41228719e-01 -3.57601986e+00
 3.59081248e-01 -2.42155842e+00 -6.17549491e-01 -3.04901498e+00
 3.04809069e-01 -2.29459637e+00 -6.80995736e-01 -2.45844495e+00
 2.53650728e-01 -2.15186179e+00 -7.30244744e-01 -1.81662185e+00
 2.05895397e-01 -1.99973199e+00 -7.64269783e-01 -1.13692625e+00
 1.61687859e-01 -1.84435331e+00 -7.82361507e-01 -4.33528278e-01
 1.21035952e-01 -1.69145876e+00 -7.84142744e-01 2.78907788e-01
 8.38220025e-02 -1.54620363e+00 -7.69576359e-01 9.85529251e-01
 4.98177938e-02 -1.41302372e+00 -7.38966028e-01 1.67160463e+00
 1.87024894e-02 -1.29552022e+00 -6.92949909e-01 2.32283080e+00
 -9.91712713e-03 -1.19637425e+00 -6.32487334e-01 2.92563114e+00
 -3.64848138e-02 -1.11729342e+00 -5.58838814e-01 3.46743862e+00
 -6.14721798e-02 -1.05899133e+00 -4.73539755e-01 3.93695776e+00
 -8.53559077e-02 -1.02120043e+00 -3.78368451e-01 4.32440013e+00
 -1.08595644e-01 -1.00271698e+00 -2.75309011e-01 4.62168844e+00
 -1.31613280e-01 -1.00147659e+00 -1.66509995e-01 4.82262489e+00
 -1.54774290e-01 -1.01465720e+00 -5.42396174e-02 4.92302039e+00
 -1.78371725e-01 -1.03880604e+00 5.91615347e-02 4.92078194e+00
 -2.02613356e-01 -1.06998602e+00 1.71329301e-01 4.81595618e+00
 -2.27612363e-01 -1.10393670e+00 2.79925235e-01 4.61072852e+00
 -2.53381843e-01 -1.13624438e+00 3.82685354e-01 4.30937748e+00
 -2.79833276e-01 -1.16251561e+00 4.77467339e-01 3.91818557e+00
 -3.06778976e-01 -1.17854851e+00 5.62295199e-01 3.44530825e+00
 -3.33938391e-01 -1.18049615e+00 6.35400462e-01 2.90060396e+00
 -3.60948027e-01 -1.16501669e+00 6.95259046e-01 2.29542856e+00
 -3.87374623e-01 -1.12940536e+00 7.40623035e-01 1.64239862e+00
 -4.12731103e-01 -1.07170391e+00 7.70546691e-01 9.55128341e-01
 -4.36494768e-01 -9.90784092e-01 7.84406171e-01 2.47945772e-01
 -4.58127062e-01 -8.86402173e-01 7.81912539e-01 -4.64405912e-01
 -4.77094257e-01 -7.59222917e-01 7.63117779e-01 -1.16707577e+00
 -4.92888319e-01 -6.10812012e-01 7.28413720e-01 -1.84541471e+00
 -5.05047243e-01 -4.43597207e-01 6.78523865e-01 -2.48528088e+00
 -5.13174142e-01 -2.60799284e-01 6.14488306e-01 -3.07333451e+00
 -5.16954421e-01 -6.63350333e-02 5.37642040e-01 -3.59731599e+00
 -5.16170430e-01 1.35304744e-01 4.49587140e-01 -4.04630147e+00
 -5.10713054e-01 3.39198335e-01 3.52159354e-01 -4.41093063e+00
 -5.00589814e-01 5.40152798e-01 2.47389834e-01 -4.68360174e+00
 -4.85929158e-01 7.32875106e-01 1.37462789e-01 -4.85863024e+00
 -4.66980727e-01 9.12149302e-01 2.46699525e-02 -4.93236717e+00
 -4.44111540e-01 1.07301393e+00 -8.86371974e-02 -4.90327528e+00
 -4.17798145e-01 1.21093399e+00 -2.00096460e-01 -4.77196107e+00
 -3.88614937e-01 1.32196185e+00 -3.07384159e-01 -4.54116215e+00
 -3.57218947e-01 1.40288175e+00 -4.08263586e-01 -4.21569015e+00
 -3.24331547e-01 1.45133303e+00 -5.00631631e-01 -3.80233045e+00
 -2.90717608e-01 1.46590805e+00 -5.82562626e-01 -3.30970066e+00
 -2.57162724e-01 1.44622113e+00 -6.52348494e-01 -2.74807102e+00
 -2.24449218e-01 1.39294611e+00 -7.08534355e-01 -2.12915024e+00
 -1.93331654e-01 1.30782084e+00 -7.49948860e-01 -1.46584145e+00
 -1.64512636e-01 1.19361805e+00 -7.75728609e-01 -7.71973142e-01
 -1.38619663e-01 1.05408299e+00 -7.85336152e-01 -6.20109213e-02
 -1.16183778e-01 8.93839293e-01 -7.78571193e-01 6.49244089e-01
 -9.76207404e-02 7.18265618e-01 -7.55574766e-01 1.34696381e+00
 -8.32153211e-02 5.33346371e-01 -7.16826296e-01 2.01660235e+00
 -7.31093064e-02 3.45500741e-01 -6.63133602e-01 2.64419925e+00
 -6.72936270e-02 1.61394985e-01 -5.95616055e-01 3.21667050e+00
 -6.56049482e-02 -1.22565715e-02 -5.15681247e-01 3.72208137e+00
 -6.77269103e-02 -1.68895934e-01 -4.24995638e-01 4.14989518e+00
 -7.31960739e-02 -3.02325135e-01 -3.25449820e-01 4.49119295e+00
 -8.14124836e-02 -4.06903075e-01 -2.19119102e-01 4.73885939e+00
 -9.16546216e-02 -4.77729525e-01 -1.08220241e-01 4.88773122e+00
 -1.03098392e-01 -5.10810582e-01 4.93476973e-03 4.93470479e+00
 -1.14839645e-01 -5.03200417e-01 1.17986902e-01 4.87880081e+00
 -1.25919647e-01 -4.53114776e-01 2.28579271e-01 4.72118474e+00
 -1.35352799e-01 -3.60012502e-01 3.34406274e-01 4.46514253e+00
 -1.42155834e-01 -2.24642250e-01 4.33261654e-01 4.11601209e+00
 -1.45377668e-01 -4.90525738e-02 5.23084497e-01 3.68107201e+00
 -1.44129056e-01 1.63435387e-01 6.02002200e-01 3.16938981e+00
 -1.37611194e-01 4.08292284e-01 6.68369503e-01 2.59163292e+00
 -1.25142420e-01 6.79880592e-01 7.20802797e-01 1.95984628e+00
 -1.06182233e-01 9.71587846e-01 7.58208966e-01 1.28720124e+00
 -8.03518944e-02 1.27598961e+00 7.79808174e-01 5.87720928e-01
 -4.74509814e-02 1.58503785e+00 7.85150126e-01 -1.24012050e-01
 -7.46936364e-03 1.89026962e+00 7.74123455e-01 -8.33159654e-01
 3.94057996e-02 2.18303033e+00 7.46958041e-01 -1.52493774e+00
 9.27883043e-02 2.45470532e+00 7.04220224e-01 -2.18492429e+00
 1.52096510e-01 2.69695351e+00 6.46800990e-01 -2.79936006e+00
 2.16562279e-01 2.90193626e+00 5.75897402e-01 -3.35543543e+00
 2.85245067e-01 3.06253524e+00 4.92987642e-01 -3.84155748e+00
 3.57050830e-01 3.17255300e+00 3.99800193e-01 -4.24759165e+00
 4.30755303e-01 3.22689054e+00 2.98277804e-01 -4.56507304e+00
 5.05031039e-01 3.22169691e+00 1.90536990e-01 -4.78738286e+00
 5.78477527e-01 3.15448637e+00 7.88239065e-02 -4.90988647e+00
 6.49653601e-01 3.02421986e+00 -3.45324794e-02 -4.93002992e+00
 7.17111286e-01 2.83134833e+00 -1.47168940e-01 -4.84739329e+00
 7.79430189e-01 2.57781664e+00 -2.56737258e-01 -4.66369934e+00
 8.35251525e-01 2.26702782e+00 -3.60953178e-01 -4.38277770e+00
 8.83310869e-01 1.90376857e+00 -4.57644033e-01 -4.01048495e+00
 9.22468771e-01 1.49409811e+00 -5.44794032e-01 -3.55458256e+00
 9.51738418e-01 1.04520334e+00 -6.20586296e-01 -3.02457508e+00
 9.70309619e-01 5.65224379e-01 -6.83440723e-01 -2.43151197e+00
 9.77568477e-01 6.30551794e-02 -7.32046940e-01 -1.78775728e+00
 9.73112245e-01 -4.51875062e-01 -7.65391616e-01 -1.10673184e+00
 9.56758989e-01 -9.69833837e-01 -7.82779589e-01 -4.02633530e-01
 9.28551825e-01 -1.48102410e+00 -7.83848360e-01 3.09858794e-01
 8.88757650e-01 -1.97582334e+00 -7.68575645e-01 1.01589125e+00
 8.37860427e-01 -2.44501637e+00 -7.37279848e-01 1.70074466e+00
 7.76549262e-01 -2.88001555e+00 -6.90613415e-01 2.35014134e+00
 7.05701604e-01 -3.27306243e+00 -6.29549238e-01 2.95054283e+00
 6.26362084e-01 -3.61740540e+00 -5.55360367e-01 3.48943210e+00
 5.39717579e-01 -3.90744880e+00 -4.69593476e-01 3.95557452e+00
 4.47069227e-01 -4.13886951e+00 -3.74036611e-01 4.33925206e+00
 3.49802146e-01 -4.30869819e+00 -2.70681919e-01 4.63246591e+00
 2.49353723e-01 -4.41536342e+00 -1.61684115e-01 4.82910320e+00
 1.47181316e-01 -4.45869782e+00 -4.93155587e-02 4.92506450e+00
 4.47302539e-02 -4.43990660e+00 6.40811165e-02 4.91834921e+00
 -5.65970268e-02 -4.36149990e+00 1.76141844e-01 4.80909736e+00
 -1.55469886e-01 -4.22719136e+00 2.84530408e-01 4.59958658e+00
 -2.50655702e-01 -4.04176634e+00 3.86987149e-01 4.29418471e+00
 -3.41042750e-01 -3.81092401e+00 4.81376074e-01 3.89925869e+00
 -4.25659195e-01 -3.54109822e+00 5.65729385e-01 3.42304186e+00
 -5.03687775e-01 -3.23926276e+00 6.38288504e-01 2.87546226e+00
 -5.74475879e-01 -2.91272682e+00 6.97540736e-01 2.26793571e+00
 -6.37540871e-01 -2.56892685e+00 7.42250804e-01 1.61312777e+00
 -6.92570639e-01 -2.21522092e+00 7.71486603e-01 9.24689724e-01
 -7.39419506e-01 -1.85869164e+00 7.84638632e-01 2.16973967e-01
 -7.78099755e-01 -1.50596330e+00 7.81432701e-01 -4.95265211e-01
 -8.08769173e-01 -1.16303841e+00 7.61935647e-01 -1.19717922e+00
 -8.31715088e-01 -8.35158133e-01 7.26553939e-01 -1.87413472e+00
 -8.47335522e-01 -5.26690448e-01 6.76025207e-01 -2.51201870e+00
 -8.56118106e-01 -2.41048855e-01 6.11402862e-01 -3.09753271e+00
 -8.58617508e-01 1.93564989e-02 5.34034135e-01 -3.61847010e+00
 -8.55432108e-01 2.53134345e-01 4.45531991e-01 -4.06397047e+00
 -8.47180707e-01 4.59894671e-01 3.47741501e-01 -4.42474616e+00
 -8.34480005e-01 6.40199107e-01 2.42701380e-01 -4.69327579e+00
 -8.17923580e-01 7.95481502e-01 1.32601477e-01 -4.86396112e+00
 -7.98062989e-01 9.27941756e-01 1.97371308e-02 -4.93324374e+00
 -7.75391605e-01 1.04041679e+00 -9.35386908e-02 -4.89967926e+00
 -7.50331617e-01 1.13623323e+00 -2.04864440e-01 -4.76396744e+00
 -7.23224605e-01 1.21904686e+00 -3.11919224e-01 -4.52893755e+00
 -6.94325886e-01 1.29267440e+00 -4.12471190e-01 -4.19948944e+00
 -6.63802775e-01 1.36092320e+00 -5.04424054e-01 -3.78249138e+00
 -6.31736730e-01 1.42742465e+00 -5.85860806e-01 -3.28663683e+00
 -5.98129231e-01 1.49547672e+00 -6.55083670e-01 -2.72226326e+00
 -5.62911126e-01 1.56790104e+00 -7.10649505e-01 -2.10113658e+00
 -5.25955051e-01 1.64691911e+00 -7.51399888e-01 -1.43620592e+00
 -4.87090437e-01 1.73405176e+00 -7.76485265e-01 -7.41333568e-01
 -4.46120526e-01 1.83004533e+00 -7.85382660e-01 -3.10060727e-02
 -4.02840763e-01 1.93482682e+00 -7.77906585e-01 6.79967830e-01
 -3.57057859e-01 2.04748972e+00 -7.54212897e-01 1.37676592e+00
 -3.08608824e-01 2.16631101e+00 -7.14795558e-01 2.04486153e+00
 -2.57379265e-01 2.28879875e+00 -6.60476330e-01 2.67032635e+00
 -2.03320232e-01 2.41176898e+00 -5.92387649e-01 3.24012083e+00
 -1.46462996e-01 2.53144932e+00 -5.11949011e-01 3.74236605e+00
 -8.69311629e-02 2.64360607e+00 -4.20837381e-01 4.16659130e+00
 -2.49496290e-02 2.74369083e+00 -3.20952233e-01 4.50395245e+00
 3.91500109e-02 2.82700167e+00 -2.14375949e-01 4.74741627e+00
 1.04927883e-01 2.88885395e+00 -1.03330406e-01 4.89190708e+00
 1.71838240e-01 2.92475498e+00 9.86934465e-03 4.93441257e+00
 2.39235870e-01 2.93057693e+00 1.22863342e-01 4.87404660e+00
 3.06386416e-01 2.90272227e+00 2.33295913e-01 4.71206766e+00
 3.72480351e-01 2.83827614e+00 3.38864786e-01 4.45185265e+00
 4.36650262e-01 2.73514058e+00 4.37369086e-01 4.09882647e+00
 4.97990971e-01 2.59214594e+00 5.26755220e-01 3.66034893e+00
 5.55581914e-01 2.40913557e+00 6.05159686e-01 3.14556131e+00
 6.08511124e-01 2.18702044e+00 6.70947926e-01 2.56519577e+00
 6.55900117e-01 1.92780176e+00 7.22748403e-01 1.93135163e+00
 6.96928896e-01 1.63455994e+00 7.59481192e-01 1.25724314e+00
 7.30860333e-01 1.31140994e+00 7.80380498e-01 5.56923936e-01
 7.57063124e-01 9.63423623e-01 7.85010617e-01 -1.55005883e-01
 7.75032611e-01 5.96520953e-01 7.73275020e-01 -8.63704177e-01
 7.84408759e-01 2.17332859e-01 7.45418369e-01 -1.55439617e+00
 7.84990687e-01 -1.66960616e-01 7.02021413e-01 -2.21268248e+00
 7.76747246e-01 -5.48812377e-01 6.43988881e-01 -2.82483931e+00
 7.59823211e-01 -9.20505411e-01 5.72530621e-01 -3.37810456e+00
 7.34540827e-01 -1.27435936e+00 4.89136379e-01 -3.86094389e+00
 7.01396554e-01 -1.60294055e+00 3.95544738e-01 -4.26329118e+00
 6.61052998e-01 -1.89926925e+00 2.93706873e-01 -4.57675838e+00
 6.14326162e-01 -2.15701811e+00 1.85745878e-01 -4.79481041e+00
 5.62168300e-01 -2.37069576e+00 7.39124964e-02 -4.91290137e+00
 5.05646768e-01 -2.53580999e+00 -3.94617952e-02 -4.92856933e+00
 4.45919403e-01 -2.64900558e+00 -1.52013397e-01 -4.84148764e+00
 3.84207071e-01 -2.70817230e+00 -2.61395859e-01 -4.65347177e+00
 3.21764106e-01 -2.71251978e+00 -3.65328802e-01 -4.36844142e+00
 2.59847433e-01 -2.66261650e+00 -4.61645458e-01 -3.99233884e+00
 1.99685219e-01 -2.56039159e+00 -5.48337838e-01 -3.53300493e+00
 1.42445927e-01 -2.40909879e+00 -6.23598601e-01 -3.00001577e+00
 8.92086151e-02 -2.21324333e+00 -6.85858728e-01 -2.40448299e+00
 4.09353349e-02 -1.97847347e+00 -7.33820235e-01 -1.75882212e+00
 -1.55359175e-03 -1.71143934e+00 -7.66483232e-01 -1.07649375e+00
 -3.76007137e-02 -1.41962294e+00 -7.83166769e-01 -3.71722886e-01
 -6.67283906e-02 -1.11114384e+00 -7.83523030e-01 3.40797567e-01
 -8.86510342e-02 -7.94545796e-01 -7.67544589e-01 1.04621315e+00
 -1.03282279e-01 -4.78570328e-01 -7.35564561e-01 1.72981753e+00
 -1.10736857e-01 -1.71923381e-01 -6.88249657e-01 2.37735909e+00
 -1.11327083e-01 1.16958284e-01 -6.26586288e-01 2.97533803e+00
 -1.05554033e-01 3.80134496e-01 -5.51859996e-01 3.51128783e+00
 -9.40936246e-02 6.10376445e-01 -4.65628658e-01 3.97403513e+00
 -7.77779533e-02 8.01362780e-01 -3.69690004e-01 4.35393269e+00
 -5.75723986e-02 9.47851469e-01 -2.66044140e-01 4.64306049e+00
 -3.45490953e-02 1.04582257e+00 -1.56851852e-01 4.83539087e+00
 -9.85749822e-03 1.09258788e+00 -4.43895532e-02 4.92691417e+00
 1.53071632e-02 1.08686429e+00 6.89981684e-02 4.91572233e+00
 3.97366800e-02 1.02880883e+00 1.80947433e-01 4.80204867e+00
 6.22430134e-02 9.20014389e-01 2.89124348e-01 4.58826305e+00
 8.16908939e-02 7.63466229e-01 3.91273667e-01 4.27882240e+00
 9.70289790e-02 5.63460478e-01 4.85265805e-01 3.88017789e+00
 1.07318722e-01 3.25487023e-01 5.69141238e-01 3.40064034e+00
 1.11760169e-01 5.60800235e-02 6.41151348e-01 2.85020705e+00
 1.09713982e-01 -2.37359652e-01 6.99794888e-01 2.24035332e+00
 1.00719107e-01 -5.46765074e-01 7.43849269e-01 1.58379323e+00
 8.45056099e-02 -8.63621305e-01 7.72396058e-01 8.94214601e-01
 6.10023655e-02 -1.17919470e+00 7.84840117e-01 1.85993596e-01
 3.03393921e-02 -1.48476703e+00 7.80922015e-01 -5.26104959e-01
 -7.15518196e-03 -1.77186784e+00 7.60723436e-01 -1.22723540e+00
 -5.09634168e-02 -2.03249860e+00 7.24665475e-01 -1.90278073e+00
 -1.00390860e-01 -2.25934235e+00 6.73499861e-01 -2.53865734e+00
 -1.54584448e-01 -2.44595325e+00 6.08293281e-01 -3.12160863e+00
 -2.12554476e-01 -2.58692060e+00 5.30405147e-01 -3.63948135e+00
 -2.73200020e-01 -2.67800317e+00 4.41459253e-01 -4.08147904e+00
 -3.35337054e-01 -2.71623024e+00 3.43309920e-01 -4.43838701e+00
 -3.97728500e-01 -2.69996671e+00 2.38003344e-01 -4.70276455e+00
 -4.59115332e-01 -2.62894093e+00 1.27734931e-01 -4.86909997e+00
 -5.18247898e-01 -2.50423481e+00 1.48035299e-02 -4.93392554e+00
 -5.73916581e-01 -2.32823677e+00 -9.84364915e-02 -4.89588981e+00
 -6.24980964e-01 -2.10455949e+00 -2.09624332e-01 -4.75578573e+00
 -6.70396732e-01 -1.83792505e+00 -3.16441975e-01 -4.51653415e+00
 -7.09239580e-01 -1.53402124e+00 -4.16662510e-01 -4.18312294e+00
 -7.40725542e-01 -1.19933343e+00 -5.08196564e-01 -3.76250298e+00
 -7.64227203e-01 -8.40957319e-01 -5.89135856e-01 -3.26344325e+00
 -7.79285456e-01 -4.66398035e-01 -6.57792984e-01 -2.69634802e+00
 -7.85616525e-01 -8.33617434e-02 -7.12736600e-01 -2.07303998e+00
 -7.83114174e-01 3.00454145e-01 -7.52821253e-01 -1.40651368e+00
 -7.71847136e-01 6.77565996e-01 -7.77211266e-01 -7.10664727e-01
 -7.52051932e-01 1.04089828e+00 -7.85398163e-01 -1.57158678e-14
 -7.24121401e-01 1.38396164e+00 -7.77211266e-01 7.10664727e-01
 -6.88589372e-01 1.70100974e+00 -7.52821253e-01 1.40651368e+00
 -6.46112007e-01 1.98717053e+00 -7.12736600e-01 2.07303998e+00
 -5.97446464e-01 2.23854846e+00 -6.57792984e-01 2.69634802e+00
 -5.43427562e-01 2.45229509e+00 -5.89135856e-01 3.26344325e+00
 -4.84943200e-01 2.62664646e+00 -5.08196564e-01 3.76250298e+00
 -4.22909308e-01 2.76092673e+00 -4.16662510e-01 4.18312294e+00
 -3.58245104e-01 2.85551851e+00 -3.16441975e-01 4.51653415e+00
 -2.91849391e-01 2.91180143e+00 -2.09624332e-01 4.75578573e+00
 -2.24578617e-01 2.93206136e+00 -9.84364915e-02 4.89588981e+00
 -1.57227333e-01 2.91937369e+00 1.48035299e-02 4.93392554e+00
 -9.05115842e-02 2.87746474e+00 1.27734931e-01 4.86909997e+00
 -2.50557037e-02 2.81055606e+00 2.38003344e-01 4.70276455e+00
 3.86171686e-02 2.72319694e+00 3.43309920e-01 4.43838701e+00
 1.00090632e-01 2.62009058e+00 4.41459253e-01 4.08147904e+00
 1.59056557e-01 2.50591982e+00 5.30405147e-01 3.63948135e+00
 2.15312654e-01 2.38517793e+00 6.08293281e-01 3.12160863e+00
 2.68756270e-01 2.26201019e+00 6.73499861e-01 2.53865734e+00
 3.19374700e-01 2.14007112e+00 7.24665475e-01 1.90278073e+00
 3.67232461e-01 2.02240219e+00 7.60723436e-01 1.22723540e+00
 4.12456005e-01 1.91133373e+00 7.80922015e-01 5.26104959e-01
 4.55216500e-01 1.80841427e+00 7.84840117e-01 -1.85993596e-01
 4.95711315e-01 1.71436949e+00 7.72396058e-01 -8.94214601e-01
 5.34144920e-01 1.62909199e+00 7.43849269e-01 -1.58379323e+00
 5.70709907e-01 1.55166223e+00 6.99794888e-01 -2.24035332e+00
 6.05568841e-01 1.48039980e+00 6.41151348e-01 -2.85020705e+00
 6.38837625e-01 1.41294334e+00 5.69141238e-01 -3.40064034e+00
 6.70571015e-01 1.34635641e+00 4.85265805e-01 -3.88017789e+00
 7.00750825e-01 1.27725579e+00 3.91273667e-01 -4.27882240e+00
 7.29277307e-01 1.20195809e+00 2.89124348e-01 -4.58826305e+00
 7.55964064e-01 1.11663950e+00 1.80947433e-01 -4.80204867e+00
 7.80536742e-01 1.01750380e+00 6.89981684e-02 -4.91572233e+00
 8.02635626e-01 9.00952631e-01 -4.43895532e-02 -4.92691417e+00
 8.21822121e-01 7.63752536e-01 -1.56851852e-01 -4.83539087e+00
 8.37588984e-01 6.03193103e-01 -2.66044140e-01 -4.64306049e+00
 8.49374045e-01 4.17230712e-01 -3.69690004e-01 -4.35393269e+00
 8.56577010e-01 2.04612965e-01 -4.65628658e-01 -3.97403513e+00
 8.58578872e-01 -3.50206598e-02 -5.51859996e-01 -3.51128783e+00
 8.54763314e-01 -3.01065626e-01 -6.26586288e-01 -2.97533803e+00
 8.44539466e-01 -5.91909538e-01 -6.88249657e-01 -2.37735909e+00
 8.27365264e-01 -9.04921651e-01 -7.35564561e-01 -1.72981753e+00
 8.02770675e-01 -1.23647567e+00 -7.67544589e-01 -1.04621315e+00
 7.70380014e-01 -1.58200580e+00 -7.83523030e-01 -3.40797567e-01
 7.29932602e-01 -1.93609482e+00 -7.83166769e-01 3.71722886e-01
 6.81301037e-01 -2.29259231e+00 -7.66483232e-01 1.07649375e+00
 6.24506445e-01 -2.64475971e+00 -7.33820235e-01 1.75882212e+00
 5.59730110e-01 -2.98543836e+00 -6.85858728e-01 2.40448299e+00
 4.87321025e-01 -3.30723603e+00 -6.23598601e-01 3.00001577e+00
 4.07798988e-01 -3.60272625e+00 -5.48337838e-01 3.53300493e+00
 3.21853019e-01 -3.86465506e+00 -4.61645458e-01 3.99233884e+00
 2.30335005e-01 -4.08614892e+00 -3.65328802e-01 4.36844142e+00
 1.34248595e-01 -4.26091755e+00 -2.61395859e-01 4.65347177e+00
 3.47335509e-02 -4.38344586e+00 -1.52013397e-01 4.84148764e+00
 -6.69541250e-02 -4.44916887e+00 -3.94617952e-02 4.92856933e+00
 -1.69465851e-01 -4.45462434e+00 7.39124964e-02 4.91290137e+00
 -2.71387327e-01 -4.39757831e+00 1.85745878e-01 4.79481041e+00
 -3.71267934e-01 -4.27711942e+00 2.93706873e-01 4.57675838e+00
 -4.67651908e-01 -4.09371888e+00 3.95544738e-01 4.26329118e+00
 -5.59110484e-01 -3.84925385e+00 4.89136379e-01 3.86094389e+00
 -6.44274140e-01 -3.54699301e+00 5.72530621e-01 3.37810456e+00
 -7.21864069e-01 -3.19154431e+00 6.43988881e-01 2.82483931e+00
 -7.90722027e-01 -2.78876578e+00 7.02021413e-01 2.21268248e+00
 -8.49837729e-01 -2.34564163e+00 7.45418369e-01 1.55439617e+00
 -8.98373010e-01 -1.87012661e+00 7.73275020e-01 8.63704177e-01
 -9.35682095e-01 -1.37096265e+00 7.85010617e-01 1.55005883e-01
 -9.61327368e-01 -8.57472749e-01 7.80380498e-01 -5.56923936e-01
 -9.75090196e-01 -3.39337485e-01 7.59481192e-01 -1.25724314e+00
 -9.76976468e-01 1.73639701e-01 7.22748403e-01 -1.93135163e+00
 -9.67216671e-01 6.71772063e-01 6.70947926e-01 -2.56519577e+00
 -9.46260460e-01 1.14572740e+00 6.05159686e-01 -3.14556131e+00
 -9.14765841e-01 1.58675759e+00 5.26755220e-01 -3.66034893e+00
 -8.73583234e-01 1.98691359e+00 4.37369086e-01 -4.09882647e+00
 -8.23734810e-01 2.33923975e+00 3.38864786e-01 -4.45185265e+00
 -7.66389653e-01 2.63794226e+00 2.33295913e-01 -4.71206766e+00
 -7.02835395e-01 2.87852698e+00 1.22863342e-01 -4.87404660e+00
 -6.34447057e-01 3.05790288e+00 9.86934465e-03 -4.93441257e+00
 -5.62653948e-01 3.17444817e+00 -1.03330406e-01 -4.89190708e+00
 -4.88905483e-01 3.22803751e+00 -2.14375949e-01 -4.74741627e+00
 -4.14636835e-01 3.22002950e+00 -3.20952233e-01 -4.50395245e+00
 -3.41235321e-01 3.15321486e+00 -4.20837381e-01 -4.16659130e+00
 -2.70008425e-01 3.03172701e+00 -5.11949011e-01 -3.74236605e+00
 -2.02154284e-01 2.86091749e+00 -5.92387649e-01 -3.24012083e+00
 -1.38735408e-01 2.64719994e+00 -6.60476330e-01 -2.67032635e+00
 -8.06563106e-02 2.39786703e+00 -7.14795558e-01 -2.04486153e+00
 -2.86456123e-02 2.12088562e+00 -7.54212897e-01 -1.37676592e+00
 1.67569548e-02 1.82467602e+00 -7.77906585e-01 -6.79967830e-01
 5.52083361e-02 1.51788146e+00 -7.85382660e-01 3.10060727e-02
 8.65645944e-02 1.20913438e+00 -7.76485265e-01 7.41333568e-01
 1.10878000e-01 9.06826113e-01 -7.51399888e-01 1.43620592e+00
 1.28388924e-01 6.18886264e-01 -7.10649505e-01 2.10113658e+00
 1.39512828e-01 3.52577973e-01 -6.55083670e-01 2.72226326e+00
 1.44822781e-01 1.14314660e-01 -5.85860806e-01 3.28663683e+00
 1.45028057e-01 -9.04968241e-02 -5.04424054e-01 3.78249138e+00
 1.40949473e-01 -2.57582475e-01 -4.12471190e-01 4.19948944e+00
 1.33492197e-01 -3.83893591e-01 -3.11919224e-01 4.52893755e+00
 1.23616853e-01 -4.67663175e-01 -2.04864440e-01 4.76396744e+00
 1.12309745e-01 -5.08425108e-01 -9.35386908e-02 4.89967926e+00
 1.00553077e-01 -5.06995997e-01 1.97371308e-02 4.93324374e+00
 8.92960087e-02 -4.65420698e-01 1.32601477e-01 4.86396112e+00
 7.94273606e-02 -3.86883578e-01 2.42701380e-01 4.69327579e+00
 7.17507320e-02 -2.75588517e-01 3.47741501e-01 4.42474616e+00
 6.69626964e-02 -1.36611603e-01 4.45531991e-01 4.06397047e+00
 6.56346571e-02 2.42688227e-02 5.34034135e-01 3.61847010e+00
 6.81988214e-02 2.00759449e-01 6.11402862e-01 3.09753271e+00
 7.49386262e-02 3.86250850e-01 6.76025207e-01 2.51201870e+00
 8.59838137e-02 5.74021857e-01 7.26553939e-01 1.87413472e+00
 1.01310211e-01 7.57443295e-01 7.61935647e-01 1.19717922e+00
 1.20744129e-01 9.30175024e-01 7.81432701e-01 4.95265211e-01
 1.43971166e-01 1.08635046e+00 7.84638632e-01 -2.16973967e-01
 1.70549048e-01 1.22074320e+00 7.71486603e-01 -9.24689724e-01
 1.99924064e-01 1.32891105e+00 7.42250804e-01 -1.61312777e+00
 2.31450499e-01 1.40731323e+00 6.97540736e-01 -2.26793571e+00
 2.64412437e-01 1.45339781e+00 6.38288504e-01 -2.87546226e+00
 2.98047197e-01 1.46565694e+00 5.65729385e-01 -3.42304186e+00
 3.31569668e-01 1.44364862e+00 4.81376074e-01 -3.89925869e+00
 3.64196751e-01 1.38798504e+00 3.86987149e-01 -4.29418471e+00
 3.95171150e-01 1.30028791e+00 2.84530408e-01 -4.59958658e+00
 4.23783786e-01 1.18311304e+00 1.76141844e-01 -4.80909736e+00
 4.49394134e-01 1.03984660e+00 6.40811165e-02 -4.91834921e+00
 4.71447895e-01 8.74576830e-01 -4.93155587e-02 -4.92506450e+00
 4.89491464e-01 6.91945592e-01 -1.61684115e-01 -4.82910320e+00
 5.03182809e-01 4.96984577e-01 -2.70681919e-01 -4.63246591e+00
 5.12298450e-01 2.94941669e-01 -3.74036611e-01 -4.33925206e+00
 5.16736394e-01 9.11030846e-02 -4.69593476e-01 -3.95557452e+00
 5.16514974e-01 -1.09382950e-01 -5.55360367e-01 -3.48943210e+00
 5.11767716e-01 -3.01675315e-01 -6.29549238e-01 -2.95054283e+00
 5.02734443e-01 -4.81396481e-01 -6.90613415e-01 -2.35014134e+00
 4.89748983e-01 -6.44771396e-01 -7.37279848e-01 -1.70074466e+00
 4.73223916e-01 -7.88744348e-01 -7.68575645e-01 -1.01589125e+00
 4.53632929e-01 -9.11070135e-01 -7.83848360e-01 -3.09858794e-01
 4.31491402e-01 -1.01037669e+00 -7.82779589e-01 4.02633530e-01
 4.07335894e-01 -1.08619718e+00 -7.65391616e-01 1.10673184e+00
 3.81703250e-01 -1.13897076e+00 -7.32046940e-01 1.78775728e+00
 3.55110064e-01 -1.17001178e+00 -6.83440723e-01 2.43151197e+00
 3.28033191e-01 -1.18144882e+00 -6.20586296e-01 3.02457508e+00
 3.00891996e-01 -1.17613528e+00 -5.44794032e-01 3.55458256e+00
 2.74032957e-01 -1.15753474e+00 -4.57644033e-01 4.01048495e+00
 2.47717160e-01 -1.12958461e+00 -3.60953178e-01 4.38277770e+00
 2.22111142e-01 -1.09654265e+00 -2.56737258e-01 4.66369934e+00
 1.97281401e-01 -1.06282146e+00 -1.47168940e-01 4.84739329e+00
 1.73192817e-01 -1.03281616e+00 -3.45324794e-02 4.93002992e+00
 1.49711044e-01 -1.01073113e+00 7.88239065e-02 4.90988647e+00
 1.26608852e-01 -1.00041144e+00 1.90536990e-01 4.78738286e+00
 1.03576236e-01 -1.00518462e+00 2.98277804e-01 4.56507304e+00
 8.02339966e-02 -1.02771803e+00 3.99800193e-01 4.24759165e+00
 5.61503662e-02 -1.06989685e+00 4.92987642e-01 3.84155748e+00
 3.08601737e-02 -1.13272668e+00 5.75897402e-01 3.35543543e+00
 3.88592415e-03 -1.21626455e+00 6.46800990e-01 2.79936006e+00
 -2.52398835e-02 -1.31958069e+00 7.04220224e-01 2.18492429e+00
 -5.69519323e-02 -1.44075299e+00 7.46958041e-01 1.52493774e+00
 -9.16295177e-02 -1.57689461e+00 7.74123455e-01 8.33159654e-01
 -1.29574994e-01 -1.72421462e+00 7.85150126e-01 1.24012050e-01
 -1.70993979e-01 -1.87811004e+00 7.79808174e-01 -5.87720928e-01
 -2.15978021e-01 -2.03328706e+00 7.58208966e-01 -1.28720124e+00
 -2.64490351e-01 -2.18390815e+00 7.20802797e-01 -1.95984628e+00
 -3.16355286e-01 -2.32376072e+00 6.68369503e-01 -2.59163292e+00
 -3.71251702e-01 -2.44644273e+00 6.02002200e-01 -3.16938981e+00
 -4.28710932e-01 -2.54555961e+00 5.23084497e-01 -3.68107201e+00
 -4.88119257e-01 -2.61492673e+00 4.33261654e-01 -4.11601209e+00
 -5.48725066e-01 -2.64877135e+00 3.34406274e-01 -4.46514253e+00
 -6.09650594e-01 -2.64192787e+00 2.28579271e-01 -4.72118474e+00
 -6.69908013e-01 -2.59002043e+00 1.17986902e-01 -4.87880081e+00
 -7.28419528e-01 -2.48962703e+00 4.93476973e-03 -4.93470479e+00
 -7.84040978e-01 -2.33842017e+00 -1.08220241e-01 -4.88773122e+00
 -8.35588364e-01 -2.13527919e+00 -2.19119102e-01 -4.73885939e+00
 -8.81866595e-01 -1.88037071e+00 -3.25449820e-01 -4.49119295e+00
 -9.21699684e-01 -1.57519418e+00 -4.24995638e-01 -4.14989518e+00
 -9.53961584e-01 -1.22259069e+00 -5.15681247e-01 -3.72208137e+00
 -9.77606777e-01 -8.26714202e-01 -5.95616055e-01 -3.21667050e+00
 -9.91699789e-01 -3.92965427e-01 -6.63133602e-01 -2.64419925e+00
 -9.95442755e-01 7.21102624e-02 -7.16826296e-01 -2.01660235e+00
 -9.88200245e-01 5.60958517e-01 -7.55574766e-01 -1.34696381e+00
 -9.69520620e-01 1.06518188e+00 -7.78571193e-01 -6.49244089e-01
 -9.39153263e-01 1.57573158e+00 -7.85336152e-01 6.20109213e-02
 -8.97061149e-01 2.08312007e+00 -7.75728609e-01 7.71973142e-01
 -8.43428338e-01 2.57764883e+00 -7.49948860e-01 1.46584145e+00
 -7.78662121e-01 3.04964492e+00 -7.08534355e-01 2.12915024e+00
 -7.03389680e-01 3.48970016e+00 -6.52348494e-01 2.74807102e+00
 -6.18449277e-01 3.88890609e+00 -5.82562626e-01 3.30970066e+00
 -5.24876163e-01 4.23907835e+00 -5.00631631e-01 3.80233045e+00
 -4.23883489e-01 4.53296415e+00 -4.08263586e-01 4.21569015e+00
 -3.16838713e-01 4.76442714e+00 -3.07384159e-01 4.54116215e+00
 -2.05236056e-01 4.92860450e+00 -2.00096460e-01 4.77196107e+00
 -9.06657056e-02 5.02203172e+00 -8.86371974e-02 4.90327528e+00
